     train-rmse-mean  train-rmse-std  test-rmse-mean  test-rmse-std
0        129.259987        0.017807      129.259915       0.161512
1        128.388193        0.028600      128.388056       0.157911
2        127.533626        0.033056      127.533387       0.163098
3        126.691351        0.031329      126.691137       0.165547
4        125.850240        0.043419      125.850133       0.165124
5        125.014713        0.054845      125.014645       0.170654
6        124.191110        0.045429      124.191346       0.180482
7        123.380543        0.042929      123.380808       0.171994
8        122.571101        0.050486      122.571483       0.173358
9        121.785920        0.055257      121.786552       0.184619
10       121.013540        0.056316      121.014009       0.177536
11       120.262040        0.058096      120.262495       0.177127
12       119.507705        0.062299      119.508246       0.173927
13       118.758726        0.075431      118.759274       0.169609
14       118.024648        0.091120      118.025291       0.182512
15       117.297255        0.092203      117.297741       0.178089
16       116.587331        0.099788      116.587614       0.176432
17       115.867083        0.084923      115.867613       0.178163
18       115.176136        0.083653      115.176766       0.181100
19       114.488405        0.097332      114.489048       0.186235
20       113.793716        0.090091      113.794549       0.178321
21       113.114498        0.094864      113.115691       0.176035
22       112.460512        0.097432      112.461838       0.186179
23       111.795399        0.098719      111.796756       0.178826
24       111.153585        0.096463      111.154904       0.181249
25       110.512602        0.102753      110.513764       0.174633
26       109.892651        0.107028      109.893930       0.181662
27       109.281776        0.109495      109.283168       0.182990
28       108.682748        0.114255      108.684045       0.181027
29       108.086009        0.120919      108.087294       0.186813
30       107.487131        0.128284      107.488393       0.165195
31       106.904183        0.135420      106.905462       0.160008
32       106.339112        0.143446      106.340385       0.168719
33       105.769842        0.152817      105.771153       0.179398
34       105.202905        0.174081      105.204271       0.194237
35       104.661321        0.172093      104.662807       0.183435
36       104.116364        0.162597      104.118121       0.191106
37       103.579770        0.173164      103.581584       0.210456
38       103.066489        0.173404      103.068249       0.209263
39       102.532828        0.169564      102.534292       0.198662
40       102.030321        0.165211      102.032012       0.196402
41       101.515383        0.153380      101.517113       0.193685
42       101.015256        0.168610      101.016740       0.199369
43       100.531206        0.171610      100.532622       0.196798
44       100.050167        0.186672      100.051719       0.212312
45        99.579400        0.188310       99.581053       0.220064
46        99.094693        0.189065       99.096682       0.230974
47        98.636907        0.192930       98.638991       0.229087
48        98.178489        0.199020       98.180471       0.226469
49        97.731114        0.201170       97.733124       0.214725

learning-rate = 0.01
k-fold = 10
num_boost_round = 50
alpha = 10
max_depth = 5